100
2 8323199
16711680
255
9 11103148
5390233
10910620
10831509
13961556
14851255
9095682
14779807
6877021
14513350
5 2802125
138751
2292231
3080191
8257535
241917
5 14577097
16774399
8096563
16712445
16724981
10369580
4 11872562
3461720
16712260
4801802
7032864
10 8653346
3539255
4736912
984835
16713990
6229769
67416
10944770
1906768
16716289
13108511
11 13943285
4456447
16768767
1714375
16777215
16745453
8193975
8028468
16777215
12255231
16738047
16777215
3 12987372
10569983
16716287
11675846
4 3607242
331360
10531329
8392703
2097663
10 9873234
2293549
9291208
16733034
6281836
5387919
16771596
11599673
2303763
2674943
16736080
11 13700593
2876308
3642382
9804576
8193213
16714751
8055440
16715775
14590047
7749716
14838784
10166271
6 1630118
262111
737279
196501
6094642
393024
2097151
7 12516280
16772090
8912728
16580438
3989424
10727189
3538943
16777201
12 5428290
12182082
5627603
705798
3077343
13530779
12979090
5055620
4816987
10150782
6819865
11865852
16014563
4 11154401
11299327
8204465
8400881
16712931
3 11172312
16728319
6101751
5616305
5 15651546
13429759
8517449
2615575
16765072
16759807
13 3340320
1048332
13070998
6653082
13631265
14693061
720704
589616
13370516
711683
1760640
5299812
6273157
6185500
8 1548613
5167103
178185
1398619
77332
122369
120659
4145155
1179482
11 5135621
9969460
4684866
4972166
6770991
7416855
8480556
8144199
4101550
13128212
197129
10074113
12 10668780
16777215
4991221
15951103
16777215
2726911
8246370
9883196
16731391
6291455
10354673
2162687
4507946
15 12817608
4105422
8206035
15001872
16722431
8797075
7004589
4698829
8270345
10369526
10575719
10755278
11013908
9670063
8912785
6951907
7 8826593
13063167
12451839
4448767
14974463
393215
5510189
10944511
10 4850891
2294587
524799
2556315
1116826
5440511
3147007
6816767
11010742
14354125
1247231
13 4765103
196607
13150570
482768
471262
6242002
8646469
4394816
5340336
4287928
16776266
11009868
5810233
131022
7 1081804
178942
1378303
1290129
196534
745636
3672575
110509
5 8530460
12584477
6554141
5585454
9932550
7995678
9 5175991
15851248
456846
3342335
6835313
4390911
12118781
2359092
131071
6750098
15 7860545
13512999
2934789
15765291
439005
2948988
6487814
1834806
1572620
16776975
12671537
14794718
6407971
720895
16776971
14442357
5 14381035
16760051
8963176
6768613
10407969
12002019
7 3941948
13084823
7099653
1639985
7091970
12074386
791926
8647934
11 14972672
6849763
16720896
10805569
11546112
13926424
16776960
6615765
13130466
16079087
16776960
13042432
6 11060938
14281082
12877636
5373845
16748031
2150068
2440041
3 9583838
16712191
2980259
9059064
13 12455411
13963004
13697791
12321791
16712191
14299903
11543551
16188671
7601885
13107711
14505276
16714239
6952348
1508321
9 4358789
14767871
5513215
1638269
2013733
2493731
458656
2678785
3935432
5729409
5 10638528
547846
14108289
16727546
10277637
14159693
13 627337
14596319
11949892
8424184
10671790
3267748
1179604
9220154
5195141
14782759
11486596
75070
299659
6488334
11 3698891
1001919
196607
437759
14826943
15084031
2699515
5040752
16650949
15800
1774139
8149027
12 15585482
4879748
10603350
7546281
14741796
1548930
16763285
12452418
14407679
15353646
5900921
7604539
2406062
4 8857994
9650736
13973293
4230354
8065252
6 3825942
12696236
16761998
5216046
3614995
1844993
4627734
5 14021144
16776967
14913016
16763705
16776985
5766919
13 13168376
14680063
10199549
16777215
11730902
16757759
16777215
3622476
12648447
4063231
26630
13696996
10310568
14352383
13 12705605
16777016
6422357
2204282
1585758
11151609
14791348
10587704
10878229
638256
3117637
4656177
11048188
16776976
7 14037769
11337991
11993356
13045761
12016
16739334
16722177
16758274
10 8509542
8126340
2293759
6968846
16118071
12167999
4605974
3623448
14960398
14571106
12386092
8 12822020
13981475
9253121
12767756
16759041
16383749
8946433
12049402
13288025
7 14133148
13212027
4835829
6300788
14090074
4252824
15097343
9937600
8 1571472
262143
3079995
589664
786262
1227602
777471
5111713
393056
13 15166827
16712959
16465932
16767249
11864699
12790117
14548991
16769333
16718300
16727312
4286512
16726605
16773445
16715169
13 7653675
7102042
6946632
2293510
5308195
1924475
16776978
4183644
9240325
16761655
4110897
5066242
3006219
16776961
11 15146693
8075163
12876038
7840488
16718673
16058623
11012052
15531693
1249013
12660558
6995549
12662783
9 14494971
16713983
5354041
4630687
12330437
3363952
16718335
465891
9636847
14910719
5 13148651
16763556
16730367
10289151
6356991
15603190
8 10950630
1367492
16713471
6063052
3540479
10623449
16736222
9503154
8587005
10 3395211
458540
2364874
1643157
9805748
118335
15603134
7393781
6777853
393098
5229659
11 6328273
14133590
14287258
2594047
15747412
7209047
16063231
11678940
8905143
327541
3518154
6532440
6 6311265
14127629
618963
15077119
673452
1596460
662229
9 15566660
6666670
16759585
15810075
11774559
16776962
1136217
13719911
4849895
16712119
6 6723977
1179647
11931391
16729623
4259749
5232177
1011275
7 3553545
1854723
65793
530443
1639937
16737058
208390
3838471
3 3088924
336395
469258
8461119
12 1634785
6849729
16385374
4456447
1376255
6571279
7012081
8974434
653067
113051
1894881
1441770
786402
10 3632945
8830211
88609
1771167
11823674
7106798
526100
922766
6283384
381711
207105
10 9884008
589789
8249570
16742597
12975907
13234506
1244951
3014453
12648248
16718170
13421889
5 2895680
4630149
8696397
1660496
4130864
257214
5 15933934
16720059
16509389
16718591
13584383
16712703
7 4687634
1310467
3559175
3810564
3062803
292365
16776971
4001093
12 7927521
12189605
11644619
9044181
9931197
11576762
9423617
9199699
10155646
9518676
8185087
3407871
9918237
14 15503321
4951822
173038
6076649
6746614
1923228
463582
10859309
9750421
3717233
14585928
4157617
14229503
5291175
16777139
11 1839331
14378050
7545560
139519
131500
12053140
922367
8982679
462839
1181695
12261136
2491837
12 14247083
1431168
7864319
440539
9786888
3655324
16712977
16720127
126339
7986300
16764065
13173927
2033578
15 3196388
2293759
327674
11965361
983039
9164193
957695
6707686
146378
5667071
262143
9502648
2935653
708607
11475428
7864303
6 1661017
69559
6992458
10759053
384048
788767
70253
4 11684513
5705727
16751235
7568131
16712959
10 12902239
16777051
655105
5497888
9699224
16728022
16777002
16777030
5166808
4154684
9267203
4 15613246
16725262
16739633
16732430
12255659
11 811630
11199407
264587
130828
5090511
12750815
934303
2490980
752905
974362
749956
136394
8 466150
197749
135423
70850
1850366
131583
143359
70911
1128959
15 13569649
14797278
11731455
16713972
4865792
7924012
8302269
14881211
14355059
16528389
15470617
13735632
8846567
2812216
14375320
5376381
11 14343400
9941141
5687978
1842725
11071773
13303773
4651622
15980799
350431
16777157
11311871
10101429
6 5838887
13252638
4196867
12635637
12724005
11545058
67156
4 9283539
16732071
1835007
2849328
14628058
12 6000704
8595983
16666365
10700545
15113559
498183
8242943
15983561
6764915
2437535
15961737
1965866
7556630
6 13845965
13427412
1380352
3169640
13349481
16316928
14817279
15 6525810
5439765
12728071
8675331
10551041
3616148
1963077
3408383
116991
3280438
6530672
16772022
4525823
10747652
3473407
2817819
8 10498259
7203709
16712148
10934646
10625784
10863411
5841035
1992191
12662913
5 8431418
5635850
14917031
10287930
6291764
6881027
11 16074859
14324554
16713123
16753140
16714753
11088340
16712191
16740098
16730884
7168963
2213984
13910129
6 8435967
10081023
13371135
6061055
1703935
2621439
16777215
13 4410324
683015
14949151
1648504
14109694
3501559
6413055
11349438
70143
339329
407551
4924415
3231921
606394
3 12947011
1544053
9116997
16777025
3 6440268
14385283
10235668
2644868
10 14107470
16712601
14009853
14928758
4655544
11502339
16713582
9868222
15770791
10570374
8445786
15 3520039
8955748
2912513
2994451
327425
1547117
1638150
2883389
1356877
16187179
460352
898561
8081669
2551628
504838
1500688
7 16538824
16737669
16734207
828335
16736767
6492748
702879
15729919
7 11781485
8175362
4771221
15418917
786235
591411
16765042
14155746
15 7712602
4152670
2635551
2331397
2621431
7708309
4413945
8000719
16776999
1211605
11498010
2915076
16738584
7250138
3402835
3070852
11 10515
5169419
15965023
4960141
8798088
803701
18185
6846629
7992473
12846
16180504
514
